31513
31515
31562
31563
31624
31642
31650
31510
31721
39837
39841
39845
39862
39870
31034
31059
31061
31062
30511
30547
30558
30011
30620
30666
30680
30103
30120
30121
30123
30137
30145
30171
30178
30184
31750
39840
31622
31639
31645
31749
31052
31201
31202
31203
31204
31205
31206
31207
31208
31209
31210
31211
31213
31216
31217
31220
31221
31294
31295
31296
31297
31014
31542
31543
31553
31566
31625
31629
31638
31643
31720
31308
31321
31324
30415
30450
30452
30458
30459
30460
30461
30426
30441
30456
30811
30816
30830
30216
30233
30234
39842
39866
39886
31547
31548
31558
31565
31568
31569
30439
30451
30108
30109
30112
30116
30117
30118
30119
30150
30170
30179
30180
30185
30726
30736
30742
31537
31302
31322
31328
31401
31402
31403
31404
31405
31406
31407
31408
31409
31410
31411
31412
31414
31415
31416
31418
31419
31420
31421
31805
30730
30731
30747
30753
30107
30114
30115
30142
30146
30151
30169
30183
30188
30189
30601
30602
30603
30604
30605
30606
30607
30608
30609
30612
30683
39823
39824
39836
39846
39851
39854
39867
30236
30237
30238
30250
30260
30273
30274
30287
30288
30294
30296
30297
30298
31623
31630
31631
31634
30006
30007
30008
30060
30061
30062
30063
30064
30065
30066
30067
30068
30069
30080
30081
30082
30090
30101
30102
30106
30111
30126
30127
30144
30152
30156
30160
30168
31144
31512
31519
31533
31534
31535
31554
31567
31722
31744
31747
31753
31756
31768
31771
31776
31788
30802
30809
30813
30814
30917
39813
31620
31627
31637
31647
30220
30229
30259
30263
30264
30265
30271
30275
30276
30277
30289
31050
31066
31078
31010
31015
31712
30738
30752
30757
30534
39815
39818
39819
39852
30002
30021
30030
30031
30032
30033
30034
30035
30036
30037
30038
30058
30072
30074
30079
30083
30084
30085
30086
30087
30088
30319
30322
30329
30333
30340
30341
30345
30346
30350
30356
30359
30360
30362
30366
31119
31141
31145
31146
39901
31011
31012
31023
31077
31007
31051
31063
31070
31091
31092
31701
31702
31703
31704
31705
31706
31707
31708
31782
30122
30133
30134
30135
30154
30187
39832
39834
31648
31303
31307
31312
31318
31326
31329
30624
30634
30635
30401
30425
30447
30448
30464
30471
31002
30414
30417
30423
30429
30513
30541
30555
30559
30560
30205
30214
30215
30269
30290
31169
30105
30124
30129
30147
30149
30161
30162
30163
30164
30165
30172
30173
30028
30040
30041
30520
30521
30553
30639
30662
30004
30005
30009
30022
30023
30075
30076
30077
30213
30268
30272
30291
30301
30302
30303
30304
30305
30306
30307
30308
30309
30310
30311
30312
30313
30314
30315
30316
30317
30318
30320
30321
30324
30325
30326
30327
30328
30331
30332
30334
30336
30337
30338
30339
30342
30343
30344
30348
30349
30353
30354
30355
30357
30358
30361
30363
30364
30368
30369
30370
30371
30374
30375
30377
30378
30380
30384
30385
30388
30392
30394
30396
30398
31106
31107
31126
31131
31136
31139
31150
31156
31192
31193
31195
31196
30522
30536
30539
30540
30810
30820
31520
31521
31522
31523
31524
31525
31527
31561
30139
30701
30703
30732
30733
30734
30735
30746
39827
39829
39897
30642
30665
30669
30678
30003
30010
30017
30019
30024
30026
30029
30039
30042
30043
30044
30045
30046
30047
30048
30049
30052
30071
30078
30091
30092
30093
30095
30096
30097
30098
30099
30515
30518
30519
30510
30523
30531
30535
30563
30580
30501
30502
30503
30504
30506
30507
30527
30542
30543
30554
30564
30566
31087
30110
30113
30140
30176
30182
31804
31807
31811
31822
31823
31826
31831
30516
30643
30217
30228
30248
30252
30253
30281
31005
31013
31025
31028
31047
31069
31088
31093
31095
31098
31099
31760
31769
31774
31798
30517
30529
30530
30548
30549
30565
30567
30575
30599
30055
31038
31064
31085
31532
31539
30413
30434
30477
30803
30818
30823
30833
30442
30822
31049
31096
31032
31033
30204
30257
31635
31649
30454
31009
31019
31021
31022
31027
31040
31065
31075
31763
31787
31301
31309
31310
31313
31314
31315
31320
31323
31333
30817
31316
31601
31602
31603
31604
31605
31606
31632
31636
31641
31698
31699
30533
30597
30806
30808
30824
31304
31305
31319
31327
31331
31041
31057
31068
30627
30628
30629
30633
30646
30647
31803
30218
30222
30251
30293
31816
31830
39817
31716
31730
31739
31779
31784
31004
31016
31029
31046
31086
30410
30412
30445
30470
30473
30623
30625
30645
30650
30663
30705
30708
30711
30724
30751
31808
31820
31829
31901
31902
31903
31904
31905
31906
31907
31908
31909
31914
31917
31993
31995
31997
31998
31999
30014
30015
30016
30054
30056
30070
30621
30622
30638
30677
30619
30630
30648
30667
30671
30132
30141
30157
31008
31030
30143
30148
30175
30177
31516
31518
31551
31556
31557
30206
30256
30258
30292
30295
30104
30125
30138
30153
31036
31024
31026
30525
30537
30552
30562
30568
30573
30576
30581
30805
30812
30815
30901
30903
30904
30905
30906
30907
30909
30912
30914
30916
30919
30999
30012
30013
30094
31806
30424
30446
30449
30455
30467
39825
39859
39861
30212
30223
30224
30266
30284
30538
30557
30577
30598
31814
31815
31821
31825
31709
31711
31719
31735
31743
31764
31780
31801
31810
31812
31827
31836
30631
30664
30420
30421
30427
30438
30453
30499
31006
31039
31058
31076
31081
31037
31055
31060
31083
31544
31549
39826
39828
39885
31626
31738
31757
31758
31765
31773
31778
31792
31799
31727
31733
31775
31793
31794
31795
30436
30474
30475
30546
30582
30457
30230
30240
30241
30261
31833
31714
31783
31790
31017
31020
31044
30512
30514
30572
30285
30286
31097
30707
30725
30728
30739
30741
30750
30018
30025
30641
30655
30656
31501
31502
31503
31550
31552
31564
30807
30819
30821
30828
31045
31018
31035
31067
31082
31089
31094
31545
31546
31555
31560
31598
31599
31824
31832
39877
30411
30428
30528
30545
30571
30270
30710
30719
30720
30721
30722
30740
30755
30756
31001
31071
31072
31079
31084
30660
30668
30673
31003
31031
31042
31054
31090
31772
31781
31789
31791
31796
30073
31197
50350
31499
31191
31498
31710
32267
32290
31198
31299
31199
31132
30596
31994
31298
31900
